> Task :compileKotlin UP-TO-DATE
> Task :compileJava NO-SOURCE
> Task :processResources NO-SOURCE
> Task :classes UP-TO-DATE

> Task :run
Cities: [1, 2, 3, 4, 5, 6, 7, 75, 163, 164, 165, 168, 172, 327, 329, 331, 332, 333, 489, 490, 491, 492, 493, 496, 652, 653, 654, 656, 657, 792, 815, 816, 817, 820, 978, 979, 980, 981, 982, 984]
Seed: 129
Max distance: 4970123.96
Normalizer: 1.8290782306E8

[820, 817, 654, 981, 163, 493, 979, 1, 656, 816, 815, 978, 489, 6, 492, 980, 491, 75, 652, 4, 164, 327, 331, 792, 332, 5, 490, 165, 333, 168, 657, 329, 496, 7, 653, 2, 172, 982, 984, 3]
1292467.5868014724
>>130928.0
[164, 331, 327, 817, 978, 653, 654, 1, 168, 815, 816, 332, 6, 4, 333, 489, 75, 491, 980, 984, 493, 490, 163, 657, 496, 820, 982, 656, 981, 979, 3, 329, 2, 7, 5, 172, 165, 492, 792, 652]
324496.77147572656
[489, 984, 331, 168, 979, 3, 491, 980, 327, 164, 492, 792, 652, 75, 165, 5, 820, 496, 332, 982, 816, 656, 6, 981, 329, 815, 2, 172, 163, 333, 978, 4, 817, 493, 490, 657, 654, 7, 1, 653]
180272.7283854461
>>65464.0
[327, 492, 978, 332, 820, 3, 984, 493, 490, 5, 165, 75, 652, 792, 491, 4, 6, 163, 7, 982, 2, 496, 815, 168, 657, 656, 1, 172, 333, 817, 489, 979, 653, 329, 654, 816, 981, 331, 164, 980]
26617.357343814845
[327, 331, 164, 980, 492, 4, 654, 1, 493, 984, 489, 75, 652, 792, 491, 6, 653, 979, 3, 820, 333, 163, 7, 329, 978, 165, 982, 490, 332, 816, 656, 815, 2, 168, 172, 5, 981, 817, 496, 657]
37915.211996213904
[6, 491, 980, 327, 164, 493, 163, 3, 978, 984, 489, 75, 652, 792, 492, 165, 820, 4, 979, 981, 331, 817, 496, 2, 653, 333, 172, 654, 5, 332, 982, 816, 656, 657, 329, 815, 1, 168, 490, 7]
26617.368826506434
>>32732.0
[489, 163, 1, 653, 7, 981, 817, 164, 979, 491, 4, 792, 652, 75, 165, 492, 5, 331, 493, 172, 496, 656, 490, 654, 820, 168, 657, 815, 329, 816, 333, 6, 978, 2, 332, 982, 3, 984, 327, 980]
0.6049109419650429
[327, 980, 491, 979, 981, 817, 5, 984, 492, 331, 489, 75, 652, 792, 165, 982, 7, 333, 493, 172, 654, 490, 656, 168, 820, 4, 163, 657, 329, 978, 3, 164, 6, 653, 1, 815, 496, 332, 2, 816]
0.6458719057699772
>>16366.0
[496, 653, 978, 817, 331, 489, 5, 492, 980, 164, 491, 792, 652, 75, 165, 981, 820, 163, 6, 333, 4, 979, 815, 816, 168, 657, 1, 329, 3, 654, 7, 982, 656, 490, 332, 2, 172, 493, 984, 327]
471.656975655782
[489, 491, 984, 981, 817, 331, 327, 980, 492, 333, 4, 792, 652, 75, 165, 5, 820, 657, 1, 493, 172, 653, 656, 6, 164, 979, 168, 815, 332, 496, 490, 7, 982, 2, 978, 329, 654, 3, 163, 816]
471.71952693592175
>>8183.0
[163, 333, 978, 984, 327, 980, 164, 979, 4, 5, 491, 75, 652, 792, 492, 489, 331, 981, 815, 817, 3, 165, 6, 332, 656, 654, 657, 490, 982, 2, 493, 1, 168, 816, 7, 653, 820, 172, 496, 329]
0.6117676779373945
>>4091.5
[496, 332, 982, 654, 7, 656, 6, 489, 327, 980, 491, 75, 652, 792, 4, 163, 493, 331, 164, 3, 978, 2, 490, 329, 979, 653, 172, 981, 816, 333, 492, 817, 984, 5, 165, 820, 657, 168, 815, 1]
0.6333991591600542
[163, 332, 6, 5, 496, 329, 656, 657, 820, 165, 4, 792, 652, 75, 491, 978, 653, 979, 3, 490, 2, 172, 981, 7, 982, 816, 168, 815, 1, 654, 493, 333, 817, 984, 489, 331, 164, 492, 327, 980]
0.6159757921510084
>>2045.75
[163, 657, 1, 493, 172, 2, 168, 5, 984, 165, 491, 75, 652, 792, 489, 4, 6, 817, 492, 981, 979, 3, 164, 980, 327, 331, 329, 820, 333, 982, 656, 653, 496, 332, 978, 815, 654, 490, 816, 7]
471.68757789513046
>>1022.875
[168, 816, 163, 333, 3, 982, 490, 5, 491, 980, 492, 792, 652, 75, 165, 4, 981, 817, 496, 329, 979, 493, 2, 654, 978, 815, 653, 1, 656, 657, 820, 172, 332, 7, 6, 164, 489, 984, 327, 331]
0.6502404811356022
[1, 163, 172, 654, 496, 653, 979, 331, 492, 981, 4, 792, 652, 75, 491, 980, 327, 489, 984, 164, 493, 815, 657, 168, 820, 5, 6, 817, 165, 332, 7, 490, 982, 3, 333, 978, 2, 816, 656, 329]
0.575712947255718
>>511.4375
[820, 7, 332, 5, 491, 164, 3, 979, 984, 493, 4, 792, 652, 75, 489, 327, 980, 492, 331, 817, 165, 654, 1, 172, 329, 496, 816, 2, 656, 982, 333, 978, 490, 168, 815, 657, 163, 653, 6, 981]
0.6086508593100525
[820, 496, 332, 2, 493, 331, 5, 815, 981, 978, 489, 75, 652, 792, 4, 6, 654, 982, 7, 1, 656, 816, 168, 979, 653, 490, 657, 163, 333, 172, 165, 492, 327, 164, 980, 491, 984, 817, 3, 329]
0.6720287529729019
[654, 820, 7, 333, 165, 5, 492, 980, 327, 164, 491, 792, 652, 75, 489, 331, 984, 3, 979, 4, 978, 653, 2, 332, 172, 817, 981, 6, 163, 493, 1, 168, 816, 815, 496, 490, 982, 656, 657, 329]
0.5851864318831723
>>255.71875
[1, 329, 657, 490, 2, 982, 3, 978, 5, 489, 4, 792, 652, 75, 491, 984, 817, 493, 979, 331, 327, 980, 164, 492, 165, 333, 816, 7, 332, 496, 656, 815, 653, 163, 981, 654, 6, 820, 168, 172]
0.5425954053777365
[331, 493, 4, 981, 7, 1, 654, 5, 496, 817, 489, 75, 652, 792, 165, 979, 3, 984, 327, 980, 164, 6, 820, 332, 982, 333, 163, 2, 490, 657, 815, 653, 168, 816, 329, 172, 656, 978, 492, 491]
0.6310986110317112
>>127.859375
[656, 172, 496, 490, 816, 982, 3, 820, 6, 984, 165, 75, 652, 792, 4, 489, 327, 331, 979, 493, 5, 332, 978, 329, 1, 654, 657, 163, 168, 815, 653, 2, 7, 333, 981, 817, 492, 164, 491, 980]
0.5747227691596146
[1, 172, 168, 496, 7, 654, 979, 493, 817, 978, 4, 792, 652, 75, 165, 984, 6, 656, 982, 332, 816, 981, 333, 163, 5, 331, 327, 489, 164, 980, 492, 491, 3, 490, 657, 820, 329, 2, 653, 815]
0.6092794235129202
>>63.9296875
[496, 657, 820, 6, 5, 817, 978, 492, 331, 981, 4, 792, 652, 75, 491, 489, 333, 982, 7, 2, 329, 816, 656, 168, 815, 172, 1, 163, 165, 332, 490, 3, 164, 980, 327, 984, 979, 654, 493, 653]
0.6123160355107448
[490, 816, 333, 3, 984, 817, 163, 329, 2, 982, 165, 75, 652, 792, 4, 6, 7, 5, 653, 978, 492, 489, 981, 656, 1, 172, 168, 820, 332, 496, 815, 657, 654, 493, 331, 979, 491, 980, 327, 164]
0.6463942847388018
>>31.96484375
[978, 329, 3, 984, 331, 164, 492, 489, 327, 980, 491, 792, 652, 75, 165, 333, 653, 979, 4, 490, 5, 7, 982, 656, 1, 163, 817, 981, 332, 2, 168, 816, 654, 6, 820, 657, 496, 172, 815, 493]
0.6429969998681806
[168, 2, 493, 4, 491, 3, 490, 815, 329, 5, 489, 75, 652, 792, 165, 163, 657, 656, 654, 979, 653, 1, 7, 982, 172, 496, 817, 164, 980, 327, 984, 331, 492, 333, 6, 820, 981, 816, 332, 978]
0.6301227610269717
>>15.982421875
[329, 820, 172, 163, 817, 493, 331, 979, 164, 4, 489, 75, 652, 792, 165, 6, 5, 490, 816, 981, 332, 982, 333, 3, 984, 492, 327, 980, 491, 978, 815, 653, 656, 7, 1, 168, 496, 657, 654, 2]
0.5575496119515185
>>7.9912109375
[820, 657, 656, 1, 7, 6, 654, 815, 332, 163, 4, 792, 652, 75, 489, 491, 980, 492, 165, 981, 331, 327, 164, 493, 168, 816, 496, 490, 982, 2, 329, 172, 5, 817, 333, 978, 3, 984, 979, 653]
0.6663167546968236
[982, 333, 6, 163, 657, 656, 172, 2, 490, 654, 4, 792, 652, 75, 165, 3, 984, 979, 489, 491, 492, 980, 327, 331, 164, 978, 329, 981, 817, 496, 653, 493, 1, 815, 5, 168, 816, 332, 820, 7]
0.599904899059488
[984, 6, 164, 980, 327, 492, 4, 163, 3, 491, 489, 75, 652, 792, 165, 490, 7, 333, 817, 820, 496, 332, 978, 5, 654, 1, 653, 172, 981, 979, 331, 329, 493, 2, 982, 656, 657, 168, 816, 815]
0.6857945157919919
>>3.99560546875
[7, 653, 333, 978, 817, 164, 493, 4, 6, 984, 165, 75, 652, 792, 492, 980, 491, 489, 327, 331, 979, 3, 490, 496, 820, 2, 172, 5, 332, 982, 654, 981, 656, 815, 1, 329, 816, 163, 657, 168]
0.6399107634210119
[493, 164, 331, 492, 984, 3, 163, 657, 654, 4, 489, 792, 652, 75, 165, 490, 168, 329, 1, 653, 815, 816, 656, 496, 7, 2, 820, 333, 982, 332, 172, 5, 978, 6, 817, 981, 979, 491, 980, 327]
0.5759166664262632
>>1.997802734375
[653, 7, 1, 329, 820, 2, 163, 6, 4, 489, 491, 75, 652, 792, 165, 5, 981, 331, 984, 3, 979, 654, 657, 168, 493, 333, 817, 164, 327, 980, 492, 978, 815, 496, 656, 816, 490, 332, 172, 982]
0.599512879304398
>>0.9989013671875
[6, 817, 172, 1, 653, 333, 981, 163, 656, 978, 489, 75, 652, 792, 492, 327, 331, 5, 815, 820, 332, 7, 496, 657, 168, 2, 329, 3, 490, 816, 982, 654, 979, 4, 164, 980, 491, 165, 984, 493]
0.639921610414688
>>0.49945068359375
[332, 981, 815, 657, 490, 5, 329, 172, 653, 979, 165, 792, 652, 75, 491, 984, 6, 817, 4, 492, 980, 164, 327, 331, 489, 978, 654, 3, 820, 7, 496, 816, 656, 1, 493, 168, 163, 2, 982, 333]
0.6334701307553793
[653, 656, 168, 496, 7, 2, 329, 657, 820, 6, 4, 792, 652, 75, 489, 492, 164, 327, 980, 491, 165, 654, 979, 493, 331, 817, 978, 490, 333, 816, 815, 332, 981, 3, 984, 5, 163, 1, 172, 982]
0.6041483589455389
[490, 657, 654, 496, 653, 7, 816, 168, 163, 165, 4, 792, 652, 75, 489, 333, 982, 2, 493, 331, 981, 3, 491, 979, 815, 1, 329, 5, 332, 978, 984, 817, 820, 172, 656, 6, 164, 327, 492, 980]
0.6607392467863752
>>0.249725341796875
[493, 2, 978, 489, 979, 331, 327, 980, 492, 4, 491, 792, 652, 75, 165, 984, 5, 496, 168, 163, 657, 329, 654, 1, 7, 816, 982, 332, 820, 172, 333, 6, 981, 656, 653, 490, 3, 164, 817, 815]
0.6237195637202287
[2, 332, 7, 982, 3, 979, 164, 493, 4, 333, 489, 792, 652, 75, 491, 165, 984, 817, 492, 980, 327, 331, 978, 6, 981, 820, 496, 329, 490, 816, 163, 1, 815, 657, 656, 168, 653, 5, 172, 654]
0.6064456650036955
>>0.1248626708984375
[163, 656, 816, 490, 815, 5, 7, 653, 820, 333, 165, 75, 652, 792, 489, 491, 3, 654, 493, 979, 331, 327, 980, 164, 984, 492, 4, 978, 6, 981, 332, 982, 2, 168, 1, 329, 172, 817, 496, 657]
0.5224475974909677
[164, 489, 492, 333, 982, 7, 6, 653, 2, 820, 4, 792, 652, 75, 165, 981, 816, 168, 979, 654, 172, 493, 1, 329, 163, 657, 656, 490, 815, 978, 332, 5, 496, 817, 331, 984, 327, 980, 491, 3]
0.680606097089481
>>0.06243133544921875
[493, 331, 817, 3, 982, 332, 163, 981, 5, 491, 165, 75, 652, 792, 489, 333, 6, 653, 815, 490, 656, 816, 7, 496, 657, 168, 172, 1, 329, 978, 654, 2, 820, 4, 979, 984, 327, 164, 980, 492]
0.5766361994555138
[980, 327, 984, 491, 492, 165, 490, 982, 3, 978, 4, 792, 652, 75, 489, 331, 5, 820, 333, 817, 164, 6, 653, 979, 493, 496, 329, 656, 7, 332, 981, 815, 657, 163, 1, 168, 172, 2, 654, 816]
0.5563232912493884
>>0.031215667724609375
[654, 172, 1, 493, 984, 331, 164, 327, 980, 491, 492, 792, 652, 75, 489, 817, 333, 978, 5, 820, 657, 329, 979, 4, 981, 3, 165, 6, 163, 490, 815, 496, 653, 168, 2, 656, 332, 816, 982, 7]
0.4679433225331395
[979, 984, 331, 978, 5, 817, 164, 6, 491, 3, 165, 75, 652, 792, 489, 327, 980, 492, 981, 820, 653, 496, 493, 4, 490, 7, 332, 2, 656, 1, 172, 982, 333, 163, 168, 329, 815, 657, 654, 816]
0.5881782322383735
>>0.015607833862304688
Path: []
Evaluation: 0.0
Feasible: false

BUILD SUCCESSFUL in 3m 39s
2 actionable tasks: 1 executed, 1 up-to-date
