1332788.696209342
999064.6769051034
951019.2651923784
879172.4832760623
839579.1271784258
658244.361382747
473509.47673687484
403685.559911979
260851.59082019853
233046.55246187188
150289.74595545063
140109.8430610546
90166.38884933693
12781.785374247474
5485.1549935232615
2772.4294836053673
119.9033069766616
0.5429653245393122
0.5327170603690552
0.5140388079117
0.5045569458420349
0.5018678654427071
0.47000003594476747
0.4595352763506077
0.45523209988233626
0.43426851003284284
0.39979766043861614
0.3917293149096763
0.38707202251158135
0.38128041930175327
0.35719953345931715
0.34002227411746616
0.3244771004486557
0.31507751724547933
0.29938043032386097
0.2868453820743593
0.2820221642337836
0.26660626965290424
0.2635976971739318
0.2554488427066912
0.2478986291869796
0.24583112260413914
0.23390299052281716
0.22593643062282778
0.22297426686316504
0.2210518698685421
0.21801437081213906
0.20711870472880792
0.20558736208354186
0.19776908230065898
0.1956224231610602
0.19453978328682944
0.18716067605734638
0.18550554337818817
0.18143930100432942
0.1795601723112029
0.17760678081228404
0.17560473491917386
0.17459920387988054
0.1744718806425425
0.17424357256211864
0.17355371999395558
0.17238693288659002
0.17207963761827255
0.17149922821463523
0.17128707611627478
0.17110038475108047
0.17107158610076836
0.17082248482200335
0.1707643502108832
0.17074616865386671
0.1706244941408733
0.17054022301940455
0.17036960568490844
0.17027802874790954
0.16996470650647316
0.16979788564331952
