1332788.696209342
999064.6769051034
951019.2651923784
879172.4832760623
839579.1271784258
658244.361382747
473509.47673687484
547232.1216100638
403685.559911979
260851.59082019853
233046.55246187188
423261.70307026524
260738.31290842238
326187.3318875621
150289.74595545063
196593.6705579835
207465.90926160707
140109.8430610546
90166.38884933693
130936.93492246192
151017.39394982447
107023.75738852606
188565.09081680243
12781.785374247474
14946.780902530021
36309.56105513951
23804.140071089052
34419.47762514386
5485.1549935232615
8335.253685131012
42737.05063489131
13741.219150589466
2772.4294836053673
6528.209313252237
13570.290465499966
8011.12167700101
13811.164205357236
119.9033069766616
9016.313509151541
7402.565800799474
3255.048960309531
3557.4474897738933
0.5429653245393122
0.5327170603690552
0.5397648250056823
551.9557078707951
0.5678364379365254
0.5614341467486578
2033.2904098319977
119.90458557675946
551.9332843501808
0.5363718017561289
0.5514114775222899
94.30050178124431
0.5423605051504111
0.5140388079117
0.5511066223022779
2033.3073652278997
0.5045569458420349
0.5156894718001963
0.5528621028445678
119.9171247025493
0.5437905155617914
0.5226512335204863
0.5469183144278825
94.31950121912473
0.5321198965793258
94.3311671260212
0.5491017813074363
0.524015148613529
119.90572866873259
671.2851756457612
0.5643387172464812
0.5182470323053836
0.5447175948564403
0.5771837754499575
0.5638239117296181
0.5369651062658829
0.5449313739902367
0.5108786103997589
0.5278243519062935
119.88935356996343
0.5358432933347376
0.5199015535651148
0.5411621919959698
0.5459874875145861
0.520809885264322
119.93968594871956
0.5404719111921575
0.5432861055859923
0.5438131216626476
0.5629574107320665
0.5116239970443752
0.5623449610555544
0.5509408478577811
0.5868041423395592
0.5365785770565313
94.30176219769662
0.5208949520401859
0.5314999815967866
94.31998576569401
94.32712454590425
0.51120133690961
0.5393219334785768
0.5296433513958041
0.5356004038173174
0.5105329367745515
0.5323186046426521
0.5638345560155521
0.5429175237256457
119.89737589619754
0.557109363017985
94.32657871697529
0.563217379010839
0.513255337824457
0.5333315708907279
0.539809873221676
0.5543244526478482
0.5352828934807486
0.5732811089556462
0.5483136849445962
94.3176167708405
0.5163311493308717
0.5413136481053896
0.51503043814602
0.5437743812951107
0.5142384668459987
0.5930935439656606
0.5672246756556173
0.5096414159490952
0.5402833396759184
0.5252553615439071
0.5740867732430435
0.5696686415821622
0.5513669882491858
0.5503428465873399
0.5018678654427071
0.5130103877661685
0.537993581197804
0.5347928600427849
0.5473702535931906
0.5923279984746812
0.5426501935447969
0.5381125707627663
0.47000003594476747
0.5198344063093705
0.538028540267104
0.528114941945507
0.5289470065920703
0.5260140010175364
0.5541053146416587
0.542371654325913
0.5374892750823939
0.535653215697634
0.523722365044016
0.5247254790505432
0.49480644769478593
0.5170281919591259
0.5180631290155421
0.5604219893086893
0.5238621207529953
0.5238173782121361
0.4935878202561007
0.5272750499546063
0.520789451338
0.5380521727725032
0.5400105014504439
0.5566850346023879
0.5573168567517743
0.5529345782530461
0.5060411805879884
0.5344870115722257
0.5133566349541131
0.5453526640503196
0.5457058130231898
0.4968946996744626
0.5431834368601941
0.5358789456918404
0.5220123517969464
0.5658299496293367
0.5414591420835472
0.5325386928144099
0.5689806998708721
0.503721732036179
0.4966564783696088
0.54316357745098
0.5297769053159164
0.5183131217315213
0.5474995093059645
0.551960096449113
0.5467755492296339
0.5212042700618394
0.535457740653706
0.5255372570066136
0.5257081439853067
0.5629986203461087
0.5284578094868085
0.5389968939899888
0.5515735181380993
0.5328534240384087
0.5228184596037493
0.5353304099335514
0.5487890593787692
0.5341498629775606
0.5448139675320118
0.5250611786205863
0.5373649659401993
0.5670819302640108
0.49618845172942927
0.5221725852226309
0.5316013066106536
0.5488263964346402
0.5163478034942476
0.48170087713846016
0.5687160920106435
0.5891201075364834
0.5285586097768026
0.5239765628954791
0.5297999950197326
0.5711542988655031
0.521915318655612
0.5530308885072656
0.5079125489086785
0.5543210298055744
0.5321077400728558
0.5783702403872087
0.5438684556947806
0.5268052247966231
0.48364322480223115
0.5275967426739177
0.552523242967081
0.5289788755347237
0.5132049094217994
0.5210653936045635
0.5119692282705245
0.5278052238490442
0.5507276651086214
0.5464878616380672
0.5105606635148368
0.5687654137171674
0.5429537379994019
0.5242482969698078
0.5637657532592398
0.5315612128491679
0.522960906692386
0.5341348470669302
0.5157884688696933
0.537850325453206
0.5687797830211523
0.48408410986945305
0.5485477497315266
0.5657957815117374
0.5260727232026567
0.5398139569031623
0.5268331833797414
0.5401965116995144
0.5069296452015238
0.5786141706108953
0.5575623782012619
0.5343863519896135
0.4932987532121255
0.5517404740100762
0.5300805817502559
0.5323840642673605
0.5613079168601005
0.5606381199556536
0.5484300785254401
0.531140575523065
0.5327990994396244
0.5317573348040339
0.4846111735678045
0.47878691386616035
0.5202638416020994
0.5119492403809331
0.5242527015825225
0.5277786814131816
0.4965586579142462
0.5503744695790769
0.5218272397348399
0.5397951353509346
0.5152366851955298
0.5311831439114915
0.4948249441663485
0.5520563475047087
0.5361442475452773
0.5439426471441012
0.56988288198112
0.48421011090277094
0.5125673543560079
0.4810995357240085
0.5404940106330206
0.4927480742147033
0.5154813167845883
0.5274097643752086
0.5229371138389395
0.5229491357930239
0.5132984630257297
0.5136510491137452
0.5372988061672861
0.4791722943455887
0.5188711038611719
0.5050958137043956
0.5017656992136352
0.489732625746467
0.47832412848952016
0.4595352763506077
0.49935742850786985
0.4756888631935342
0.5148474136652751
0.46552845538212156
0.4615630414037716
0.4903197763656797
0.4628357486798301
0.48033628820463836
0.4725356543003878
0.45523209988233626
0.4637740265697671
0.496083269703945
0.43426851003284284
0.4359379893185699
0.44399033058266596
0.39979766043861614
0.4278910223627704
0.42487160436403837
0.41411225697017207
0.3917293149096763
0.39959697243030345
0.4122702531584115
0.38707202251158135
0.40618120019972814
0.40760658137557937
0.4205583184721613
0.4070391098034201
0.38128041930175327
0.39759144829994597
0.35719953345931715
0.35747382467904054
0.38199149659579307
0.34002227411746616
0.3244771004486557
0.34962262307555814
0.3382667060082402
0.31507751724547933
0.29938043032386097
0.31805231466911393
0.3167522227046294
0.3073215581909514
0.2868453820743593
0.2820221642337836
0.2902588115181692
0.26660626965290424
0.2635976971739318
0.2700433573977756
0.2554488427066912
0.2478986291869796
0.24583112260413914
0.23390299052281716
0.22593643062282778
0.22297426686316504
0.2210518698685421
0.21801437081213906
0.20711870472880792
0.21971561194357064
0.21097815077845386
0.20984205723060695
0.20558736208354186
0.19776908230065898
0.1956224231610602
0.19453978328682944
0.18716067605734638
0.19167972283695384
0.18550554337818817
0.18143930100432942
0.1795601723112029
0.18025333619862577
0.17760678081228404
0.17560473491917386
0.17700904524407515
0.17617366678858998
0.17459920387988054
0.17533163982976624
0.17479414023016723
0.1744718806425425
0.17478786022442772
0.17424357256211864
0.17445921740692175
0.17355371999395558
0.17373724775981944
0.17238693288659002
0.17310514586927467
0.17247559275609567
0.17207963761827255
0.17149922821463523
0.17238982020262553
0.17173798187832426
0.17128707611627478
0.17147989286538373
0.17110038475108047
0.17158237157466558
0.17115292282393202
0.1715583574732798
0.17107158610076836
0.17082248482200335
0.1707643502108832
0.17074616865386671
0.1706244941408733
0.17054022301940455
0.17036960568490844
0.17027802874790954
0.17045602458222686
0.16996470650647316
0.17027805440525687
0.1702557742149524
0.1699657901040788
0.16996752513550784
0.16979788564331952
