0.5264082132693445
0.6258502598461794
0.5368002979719024
0.6284116146978322
0.6495665739295688
0.6359700631932063
0.6106858056768784
0.5938881214193158
0.599740406860649
0.6512315811714958
0.6296665860607833
0.6476304899826081
0.5949462552200582
0.6467375083306074
0.5661306336582015
0.560212281988547
0.6390000811045681
0.5540476452817282
0.6565820066132715
0.5526558572447753
0.6049656330101421
0.6401116169404811
0.6639203887422835
0.574881184199033
0.5638943355974793
0.6304401210448697
0.6492748189947214
0.561915007792122
0.6115111437486703
0.593594779510247
0.6059348017806975
0.5962736506039086
0.5971064609640758
0.6560290139730014
0.5781289901707061
0.6672859725084742
0.5968071963996399
0.5941429128176298
0.6674679026711281
0.6247541781332926
0.5845662566052521
0.5462516359796428
0.579305082239384
0.6149124297603455
0.5875116575235237
0.603982263698809
0.5656720399873748
0.523149998830892
0.6100237412119796
0.5520605327355318
0.5442791569792139
0.5994202030606137
0.5329819600882851
0.48067192326246033
0.5657083061781206
0.5629628295681056
0.5769107968956873
0.48157799637200494
0.48949240624131457
0.49487472780378294
0.4450879191935641
0.49899096770760065
0.4622093367338774
0.3978966378388648
0.4628752654402731
0.43012547546527014
0.4231372716880008
0.4231142645255428
0.42187425468776985
0.4734500843170223
0.4355730816055124
0.3853822097422101
0.3671455324137299
0.3597836293662135
0.3532840062221011
0.4189473247673127
0.3788807046118916
0.3590568045766779
0.4005032266223506
0.411350597920128
0.3566805835232053
0.34431948342275553
0.34310139380650717
0.3601994754395389
0.32887918949353645
0.35959255251988015
0.3264717558330552
0.31804785496198884
0.28453548049132843
0.2828568484084389
0.28725773781017844
0.3265047618023954
0.27991132179844114
0.3111957334997544
0.28975123301650646
0.31849390958466745
0.27610790531049906
0.27953369880318335
0.29040606793825124
0.2882808869946647
0.2717863381037169
0.28154073406202834
0.2741100316062118
0.2716769659638854
0.27901111683593394
0.27783151431051745
0.27151784953292524
0.26692665629716883
0.2777316604623089
0.2728048911479948
0.2669371533878229
0.26518575705801745
0.2683037096991842
0.26412117153760406
0.2602792582818245
0.2593384448867433
0.2604726790956975
0.2604726790956975
0.261048458951573
0.26111296346429763
0.2587626650308677
0.25940294939946784
0.25875387508425357
0.25787324528228406
0.2593384448867433
0.25940134400066595
0.25940134400066595
0.2593941594528537
0.25792895984839453
0.25940294939946784
0.25793614439620677
0.25787324528228406
0.25792895984839453
0.25940294939946784
0.25793774979500866
0.2586981605181431
0.2587626650308677
0.2593941594528537
0.25792895984839453
0.2585692442169947
0.25793774979500866
0.25793614439620677
0.25787324528228406
0.25793614439620677
0.25793774979500866
0.25787324528228406
0.25793614439620677
0.25787324528228406
0.25793614439620677
0.25793774979500866
0.25793774979500866
0.25787324528228406
0.25793614439620677
0.25793614439620677
0.25787324528228406
0.25792895984839453
0.25792895984839453
0.25793774979500866
0.25787324528228406
0.25793774979500866
0.25793774979500866
0.25792895984839453
0.25792895984839453
0.25793614439620677
0.25793774979500866
0.25787324528228406
0.25792895984839453
0.25793614439620677
0.25787324528228406
0.25793614439620677
0.25793774979500866
0.25793774979500866
0.25793774979500866
0.25792895984839453
0.25793774979500866
0.25793614439620677
0.25793614439620677
0.25793614439620677
0.25793614439620677
0.25793614439620677
