0.5264082132693445
0.523149998830892
0.48067192326246033
0.4450879191935641
0.3978966378388648
0.3853822097422101
0.3671455324137299
0.3597836293662135
0.3532840062221011
0.34431948342275553
0.34310139380650717
0.32887918949353645
0.3264717558330552
0.31804785496198884
0.28453548049132843
0.2828568484084389
0.27991132179844114
0.27610790531049906
0.2717863381037169
0.2716769659638854
0.27151784953292524
0.26692665629716883
0.26518575705801745
0.26412117153760406
0.2602792582818245
0.2593384448867433
0.2587626650308677
0.25875387508425357
0.25787324528228406
